58458
63199
31456
63812
1431
29797
12997
11405
63622
50143
51384
21661
41822
26067
43572
16929
24274
52124
46580
35190
52168
5500
15521
14110
53222
55333
52696
7913
51962
38699
969
35068
59694
50716
37315
6271
16629
16059
11966
28246
65272
56875
63959
15945
48700
14363
8543
40677
46235
44862
6274
41848
25259
2874
52652
62346
60427
61392
64495
36512
50511
28583
2436
10026
20204
10141
16880
35033
7896
21267
58896
50759
50465
37996
18767
27419
47347
60733
10577
42730
386
13732
61691
9325
27243
18631
52233
2493
25160
14349
30792
59099
54718
15404
46883
54541
33088
6953
15345
20292
49314
21451
40909
39491
20624
43904
6724
20534
38840
39105
257
59207
42595
48294
36698
25091
9275
23916
60795
45461
30434
3208
61546
33313
13261
9270
51417
65074
7961
59465
52627
62522
28035
60827
61967
34562
6985
3277
18895
63697
2175
65434
23266
25795
37297
49885
62276
2040
14770
26566
